2.088 1
2.559 2
3.012 1
3.480 2
3.933 1
4.410 2
4.867 1
5.320 2
5.771 1
6.229 2
6.690 1
7.167 2
7.633 1
8.092 2
8.545 1
9.010 2
9.480 1
9.943 2
10.404 1
10.865 2
11.322 1
11.790 2
12.251 1
12.714 2
13.167 1
13.624 2
14.094 1
14.559 2
15.014 1
15.473 2
15.931 1
16.400 2
16.865 1
17.331 2
17.788 1
18.249 2
18.706 1
19.167 2
19.643 1
20.096 2
20.557 1
21.018 2
21.494 1
21.945 2
22.408 1
22.869 2
23.310 1
23.773 2
24.235 1
24.692 2
25.151 1
25.608 2
26.063 1
26.520 2
